201101008
201101008
201101008
201101008
201101008
201101008
201101008
201101008
201101008
201101008
201205532
201205532
201205532
201205532
201205532
201205532
201205532
201205532
201205532
201205532
201101176
201101176
201101176
201101176
201101176
201101176
201101176
201101176
201101176
201102007
201102007
201102007
201102007
201102007
201102007
201102007
201102007
201102007
201206527
201206527
201206527
201206527
201206527
201206527
201206527
201206527
201206527
201350845
201350845
201350845
201350845
201350845
201350845
201350845
201350845
201350845
200901059
200901059
200901059
200901059
200901059
200901059
200901059
200901059
201101138
201101138
201101138
201101138
201101138
201101138
201101138
201101138
201101189
201101189
201101189
201101189
201101189
201101189
201101189
201101189
201164225
201164225
201164225
201164225
201164225
201164225
201164225
201164225
201203009
201203009
201203009
201203009
201203009
201203009
201203009
201203009
201207724
201207724
201207724
201207724
201207724
201207724
201207724
201207724
201307595
201307595
201307595
201307595
201307595
201307595
201307595
201307595
201323601
201323601
201323601
201323601
201323601
201323601
201323601
201323601
201399664
201399664
201399664
201399664
201399664
201399664
201399664
201399664
201001071
201001071
201001071
201001071
201001071
201001071
201001071
201001123
201001123
201001123
201001123
201001123
201001123
201001123
201101081
201101081
201101081
201101081
201101081
201101081
201101081
201101088
201101088
201101088
201101088
201101088
201101088
201101088
201101173
201101173
201101173
201101173
201101173
201101173
201101173
201101192
201101192
201101192
201101192
201101192
201101192
201101192
201125035
201125035
201125035
201125035
201125035
201125035
201125035
201164104
201164104
201164104
201164104
201164104
201164104
201164104
201205575
201205575
201205575
201205575
201205575
201205575
201205575
201221563
201221563
201221563
201221563
201221563
201221563
201221563
201221679
201221679
201221679
201221679
201221679
201221679
201221679
201250881
201250881
201250881
201250881
201250881
201250881
201250881
201250911
201250911
201250911
201250911
201250911
201250911
201250911
201307577
201307577
201307577
201307577
201307577
201307577
201307577
200999008
200999008
200999008
200999008
200999008
200999008
201001076
201001076
201001076
201001076
201001076
201001076
201001110
201001110
201001110
201001110
201001110
201001110
201001129
201001129
201001129
201001129
201001129
201001129
201031077
201031077
201031077
201031077
201031077
201031077
201101025
201101025
201101025
201101025
201101025
201101025
201101031
201101031
201101031
201101031
201101031
201101031
201101032
201101032
201101032
201101032
201101032
201101032
201101101
201101101
201101101
201101101
201101101
201101101
201101112
201101112
201101112
201101112
201101112
201101112
201101166
201101166
201101166
201101166
201101166
201101166
201101211
201101211
201101211
201101211
201101211
201101211
201125066
201125066
201125066
201125066
201125066
201125066
201156091
201156091
201156091
201156091
201156091
201156091
201156162
201156162
201156162
201156162
201156162
201156162
201164080
201164080
201164080
201164080
201164080
201164080
201205502
201205502
201205502
201205502
201205502
201205502
201205537
201205537
201205537
201205537
201205537
201205537
201206580
201206580
201206580
201206580
201206580
201206580
201307558
201307558
201307558
201307558
201307558
201307558
201307593
201307593
201307593
201307593
201307593
201307593
201323602
201323602
201323602
201323602
201323602
201323602
201001043
201001043
201001043
201001043
201001043
201002017
201002017
201002017
201002017
201002017
201101054
201101054
201101054
201101054
201101054
201101074
201101074
201101074
201101074
201101074
201101092
201101092
201101092
201101092
201101092
201101158
201101158
201101158
201101158
201101158
201101175
201101175
201101175
201101175
201101175
201101181
201101181
201101181
201101181
201101181
201101205
201101205
201101205
201101205
201101205
201125005
201125005
201125005
201125005
201125005
201164006
201164006
201164006
201164006
201164006
201164137
201164137
201164137
201164137
201164137
201203007
201203007
201203007
201203007
201203007
201205505
201205505
201205505
201205505
201205505
201205515
201205515
201205515
201205515
201205515
201205517
201205517
201205517
201205517
201205517
201250811
201250811
201250811
201250811
201250811
201307548
201307548
201307548
201307548
201307548
201307554
201307554
201307554
201307554
201307554
201307556
201307556
201307556
201307556
201307556
201307559
201307559
201307559
201307559
201307559
201307565
201307565
201307565
201307565
201307565
201307566
201307566
201307566
201307566
201307566
201307583
201307583
201307583
201307583
201307583
201332547
201332547
201332547
201332547
201332547
